   [255,38,0],
  [255,147,0],
  [255,251,0],
  [0,249,0],
  [0,253,255],
  [4,51,255],
  [255,64,255],
  [148,33,146],
  [170,121,66],
  [255,255,255],
  [145,145,145],
  [255, 38, 0],
  [255, 147, 0],
  [255, 251, 0],
  [0, 249, 0],
  [0, 253, 255],
  [4, 51, 255],
  [255, 64, 255],
  [148, 33, 146],
  [170, 121, 66],
  [255, 255, 255],
  [145, 145, 145],
  [0, 0, 255],
  [0, 255, 0],
  [255, 0, 0],
  [255, 255, 255],
  [255, 0, 255],
  [247, 177, 56],
  [239, 102, 28],
  [244, 167, 107],
  [255, 255, 255],
  [128, 128, 128],
  [0, 0, 0],
  [219, 112, 147],
  [178, 98, 44],
  [111, 54, 3],
  [100, 149, 237],
  [75, 0, 130],
  [0, 255, 255],
  [255, 165, 0],
  [255, 192, 203],
  [210, 105, 30],
  [220, 20, 60],
  [192, 192, 192],
  [255, 20, 147],
  [255, 140, 0],
  [72, 61, 139],
  [127, 255, 0],
  [70, 130, 180],
  [240, 230, 140],
  [34, 139, 34],
  [255, 105, 180],
  [255, 255, 0],
  [154, 205, 50],
  [255, 215, 0],
  [0, 128, 0],
  [0, 0, 128],
  [128, 0, 128],
  [0, 128, 128],
  [128, 128, 0],
  [0, 0, 128],
  [0, 128, 128],
  [128, 0, 128],
  [128, 128, 0],
  [0, 0, 139],
  [0, 139, 139],
  [139, 0, 139],
  [139, 139, 0],
  [0, 0, 147],
  [0, 147, 147],
  [147, 0, 147],
  [147, 147, 0],
  [0, 0, 156],
  [0, 156, 156],
  [156, 0, 156],
  [156, 156, 0],
  [0, 0, 165],
  [0, 165, 165],
  [165, 0, 165],
  [165, 165, 0],
  [0, 0, 174],
  [0, 174, 174],
  [174, 0, 174],
  [174, 174, 0],
  [0, 0, 183],
  [0, 183, 183],
  [183, 0, 183],
  [183, 183, 0],
  [0, 0, 192],
  [0, 192, 192],
  [192, 0, 192],
  [192, 192, 0],
  [0, 0, 201],
  [0, 201, 201],
  [201, 0, 201],
  [201, 201, 0],
  [0, 0, 210],
  [0, 210, 210],
  [210, 0, 210],
  [210, 210, 0],
  [0, 0, 219],
  [0, 219, 219],
  [219, 0, 219],
  [219, 219, 0],
  [0, 0, 228],
  [0, 228, 228],
  [228, 0, 228],
  [228, 228, 0],
  [0, 0, 237],
  [0, 237, 237],
  [237, 0, 237],
  [237, 237, 0],
  [0, 0, 246],
  [0, 246, 246],
  [246, 0, 246],
  [246, 246, 0],
  [0, 0, 255],
  [0, 255, 255],
  [255, 0, 255],
  [255, 255, 0],